-1.885755100391789396e-02
1.514408163124283946e-02
-1.547551012094862226e-02
1.852612244664551822e-02
1.035877545488128777e-02
-6.547346729540852971e-03
-2.026081632506089927e-02
-3.716693877198974649e-02
-5.407306120538114130e-02
3.064693877044020326e-02
1.374081631479950535e-02
-3.165306105544009839e-03
-2.007142793000208508e-02
2.734693875207994533e-05
-1.687877550737636526e-02
-3.378489795666206330e-02
-5.069102040325920017e-02
3.402897958929673727e-02
1.712285713998936906e-02
2.167346936925149722e-04
-1.668938766593386011e-02
3.409387736871772202e-03
-1.349673468226797284e-02
-3.040285713763501291e-02
-4.730897958810408033e-02
3.741102040438182980e-02
2.050489795756351222e-02
3.598775509586083204e-03
-1.330734692732792566e-02
6.791428354301879897e-03
-1.011469382339551595e-02
-2.702081630309572866e-02
-4.392693876764980354e-02
4.079306120952146814e-02
2.388693877292701745e-02
6.980816325930149120e-03
-9.925306120672558810e-03
1.017346760355310534e-02
-6.732652845905684469e-03
-2.363877538338529649e-02
4.417510194565253678e-02
2.726897958154123405e-02
1.036285714162525282e-02
1.355549832279194164e-02
-3.350611657222312464e-03
-2.025673404572536293e-02
4.755714222807878172e-02
3.065102034165888972e-02
-4.568570627445197457e-03
-2.147467505597146567e-02
-1.828204081463712105e-02
-3.518816325294905900e-02
-5.209428560343958708e-02
1.571959175281647039e-02
-1.186530574329530859e-03
-1.809264988864953128e-02
2.006122448656441799e-03
-1.489999999898335842e-02
-3.180612244610347278e-02
-4.871224488095473454e-02
3.600775509623669463e-02
-6.561836720744841644e-02
1.910163263683355497e-02
2.195510192365739133e-03
-1.471061177485226412e-02
-3.161672914989847177e-02
3.619712849840184266e-02
5.388163260728885164e-03
-1.151795918181793693e-02
-2.842408163071393629e-02
-4.533020407753433900e-02
3.938979591568000926e-02
-6.223632650889094481e-02
2.248367346576616091e-02
5.577551015670606342e-03
-1.132857136811849484e-02
-2.823469297537255576e-02
5.648530537716944799e-02
3.957918067618736158e-02
-4.213754782929647613e-02
-5.904367269023391707e-02
8.770204034813421437e-03
-8.135918360418771880e-03
-2.504204081224081779e-02
5.967795916272249090e-02
-4.194816326235634163e-02
4.277183673073830378e-02
-5.885428570884868732e-02
2.586571428389536353e-02
8.959591835272633434e-03
-7.946530605477229378e-03
-2.485265292855105487e-02
5.986734681096756577e-02
4.296122392286881586e-02
-3.875549483023585373e-02
-5.566162843752255757e-02
2.905836225138574633e-02
1.215224450958294310e-02
-4.753877525622088492e-03
-2.165999998146194566e-02
6.305999986554507164e-02
-3.856612244251979293e-02
4.615387753461604875e-02
2.924775509921190633e-02
1.234163265214011443e-02
-4.564489795153573760e-03
-3.537340248219428968e-02
3.244037973051226709e-02
1.553428299014843542e-02
-1.371836690841532827e-03
-1.827795908588977780e-02
6.644203993949021614e-02
-3.518408160228878034e-02
4.953591826138131066e-02
3.262979590653691808e-02
1.572367346775468966e-02
-1.182448979495489281e-03
1.891630995098671220e-02
2.010203729095880361e-03
-1.489591789102064599e-02
-3.180204064585053642e-02
5.291795848474967895e-02
3.601183665727037547e-02
1.910571427858378732e-02
2.229827845500624919e-02
5.392240171725345282e-03
-1.151387553161085757e-02
5.629999573511420413e-02
3.939387703010298336e-02
-3.320938768412652620e-02
-5.011550954281078496e-02
1.769836678122232304e-02
7.922447590307829957e-04
-1.611386342786719217e-02
-3.301986836745810644e-02
-1.292122448857251429e-02
-2.982734692823615572e-02
-4.673346928820937968e-02
-6.363959099746156756e-02
2.108040805068181825e-02
4.174285580887096905e-03
-1.273183450211779963e-02
-2.963793320743043913e-02
3.817584616156959737e-02
7.366938774323579173e-03
-9.539183672817742182e-03
-2.644530612005919004e-02
-4.335142855629268294e-02
4.136857142190523279e-02
-6.025755089231706052e-02
2.446244895881106995e-02
7.556326490289256605e-03
-9.349795619615052997e-03
-2.625591376338453492e-02
5.846407720524292306e-02
4.155794269839768046e-02
2.465179010841922133e-02
-5.706489783758907780e-02
1.074897958272719688e-02
-6.157142856163092676e-03
-2.306326530459540738e-02
-3.996938775156941986e-02
4.475061224193427334e-02
-5.687551018434502947e-02
2.784448979148961695e-02
1.093836733766937082e-02
-5.967755070206764816e-03
-2.287387682018316229e-02
6.184612163309682886e-02
4.493999659684393827e-02
2.803386643055500935e-02
-3.677673190889455684e-02
-5.368285643466310514e-02
-7.058897944142636383e-02
1.413102033278426824e-02
-2.775102038464634900e-03
-1.968122448666454263e-02
-3.658734693635193325e-02
4.813265305697517205e-02
-5.349346938303094906e-02
3.122653061017800075e-02
1.432040816098815311e-02
-2.585714283522501725e-03
-1.949183663071788267e-02
6.522816312631665725e-02
4.832204017885300545e-02
3.141591598832359916e-02
-3.339468063048950386e-02
-5.030081251731539221e-02
3.441917763808392816e-02
-6.720693788876659636e-02
1.751306066489810576e-02
6.069387722711429853e-04
-1.629918365962207405e-02
6.842081618108289409e-02
-3.320530611709804347e-02
5.151469385957097719e-02
-5.011142856801008988e-02
3.460857142544228326e-02
1.770244897838372036e-02
7.963265304842607724e-04
-1.610979590468165565e-02
6.861020405738339767e-02
5.170408152237687682e-02
-3.001259629541501786e-02
-4.691875689818521267e-02
3.780119135884125320e-02
2.089509837678115226e-02
3.988979464360037537e-03
-1.291714278815753007e-02
-2.982326528066009744e-02
5.489673457694474457e-02
-4.672938774737300099e-02
3.799061223147055105e-02
2.108448979392178388e-02
4.178367346634998154e-03
-1.272775509993540229e-02
-2.663039369965007966e-02
2.427712157922454553e-02
7.371019115574717687e-03
-9.535101736033608014e-03
-2.644122434839414268e-02
5.827877474122028501e-02
4.137265297280533910e-02
2.446653060342619812e-02
7.560408162495822586e-03
2.765907341125301705e-02
1.075305179975764511e-02
-6.153060145417672822e-03
6.166081165662980201e-02
4.475469328653398221e-02
2.784857136875625722e-02
1.413504569158399379e-02
-1.413504569158430084e-02
-2.784857136875616701e-02
-4.475469328653379486e-02
-6.166081165662872648e-02
6.153060145418286914e-03
-1.075305179975740918e-02
-2.765907341125277419e-02
-7.560408162495761870e-03
-2.446653060342583383e-02
-4.137265297280497134e-02
-5.827877474122059726e-02
2.644122434839447228e-02
9.535101736033432807e-03
-7.371019115574205943e-03
-2.427712157922396266e-02
2.663039369964978823e-02
1.272775509993580301e-02
-4.178367346635113513e-03
-2.108448979392213776e-02
-3.799061223147030125e-02
4.672938774737341039e-02
-5.489673457694487640e-02
2.982326528066048948e-02
1.291714278815742252e-02
-3.988979464360261316e-03
-2.089509837678107940e-02
-3.780119135884196097e-02
4.691875689818532369e-02
3.001259629541466398e-02
-5.170408152237671029e-02
-6.861020405738292582e-02
1.610979590468169728e-02
-7.963265304838020465e-04
-1.770244897838392159e-02
-3.460857142544217918e-02
5.011142856800971518e-02
-5.151469385957021391e-02
3.320530611709861940e-02
-6.842081618108164509e-02
1.629918365962246957e-02
-6.069387722711317096e-04
-1.751306066489832086e-02
6.720693788876706820e-02
-3.441917763808342162e-02
5.030081251731628733e-02
3.339468063048893487e-02
-3.141591598832259302e-02
-4.832204017885310954e-02
-6.522816312631746216e-02
1.949183663071780287e-02
2.585714283523064642e-03
-1.432040816098763790e-02
-3.122653061017744563e-02
5.349346938303042864e-02
-4.813265305697542185e-02
3.658734693635172508e-02
1.968122448666543081e-02
2.775102038465160955e-03
-1.413102033278445732e-02
7.058897944142622505e-02
5.368285643466319534e-02
3.677673190889579891e-02
-2.803386643055462771e-02
-4.493999659684295295e-02
-6.184612163309719662e-02
2.287387682018286392e-02
5.967755070206726652e-03
-1.093836733766885214e-02
-2.784448979148920755e-02
5.687551018434513356e-02
-4.475061224193214310e-02
3.996938775156934354e-02
2.306326530459417573e-02
6.157142856163573194e-03
-1.074897958272659493e-02
5.706489783758892514e-02
-2.465179010841962032e-02
-4.155794269839611921e-02
-5.846407720524360307e-02
2.625591376338533636e-02
9.349795619614690440e-03
-7.556326490289193287e-03
-2.446244895881050790e-02
6.025755089231704664e-02
-4.136857142190419889e-02
4.335142855629359193e-02
2.644530612005907555e-02
9.539183672817650242e-03
-7.366938774323029265e-03
-3.817584616157031902e-02
2.963793320743076873e-02
1.273183450211831831e-02
-4.174285580887359716e-03
-2.108040805068168641e-02
6.363959099746172021e-02
4.673346928820871354e-02
2.982734692823629449e-02
1.292122448857255246e-02
3.301986836745796766e-02
1.611386342786824688e-02
-7.922447590302480504e-04
-1.769836678122290938e-02
5.011550954281127068e-02
3.320938768412746989e-02
-3.939387703010370501e-02
-5.629999573511405841e-02
1.151387553161125309e-02
-5.392240171725020889e-03
-2.229827845500736289e-02
-1.910571427858327731e-02
-3.601183665726971628e-02
-5.291795848474999120e-02
3.180204064585086254e-02
1.489591789102041354e-02
-2.010203729095287953e-03
-1.891630995098603218e-02
1.182448979495476487e-03
-1.572367346775513375e-02
-3.262979590653655032e-02
-4.953591826138215026e-02
3.518408160228900239e-02
-6.644203993948946674e-02
1.827795908588964596e-02
1.371836690841326612e-03
-1.553428299014797571e-02
-3.244037973051182300e-02
3.537340248219422029e-02
4.564489795154020452e-03
-1.234163265214010402e-02
-2.924775509921218389e-02
-4.615387753461573650e-02
3.856612244251971661e-02
-6.305999986554676473e-02
2.165999998146268465e-02
4.753877525622028644e-03
-1.215224450958321198e-02
-2.905836225138541326e-02
5.566162843752263389e-02
3.875549483023637415e-02
-4.296122392286930852e-02
-5.986734681096843314e-02
2.485265292855105487e-02
7.946530605477600609e-03
-8.959591835272276081e-03
-2.586571428389633498e-02
5.885428570884881222e-02
-4.277183673073920583e-02
4.194816326235636245e-02
-5.967795916272256723e-02
2.504204081224135209e-02
8.135918360419254133e-03
-8.770204034813763178e-03
5.904367269023395870e-02
4.213754782929730186e-02
-3.957918067618677177e-02
-5.648530537717023903e-02
2.823469297537270148e-02
1.132857136811850005e-02
-5.577551015670140569e-03
-2.248367346576520334e-02
6.223632650889095869e-02
-3.938979591567924599e-02
4.533020407753600434e-02
2.842408163071268035e-02
1.151795918181882858e-02
-5.388163260728402043e-03
-3.619712849840265451e-02
3.161672914990020650e-02
1.471061177485180615e-02
-2.195510192365736097e-03
-1.910163263683318027e-02
6.561836720745074791e-02
-3.600775509623658360e-02
4.871224488095574762e-02
3.180612244610370870e-02
1.489999999898305658e-02
-2.006122448655926153e-03
1.809264988865013496e-02
1.186530574329309248e-03
-1.571959175281675836e-02
5.209428560344071119e-02
3.518816325294979452e-02
1.828204081463656247e-02
2.147467505597205895e-02
4.568570627445698792e-03
-3.065102034165908748e-02
-4.755714222807876784e-02
2.025673404572549477e-02
3.350611657222728364e-03
-1.355549832279145939e-02
-1.036285714162533782e-02
-2.726897958154025567e-02
-4.417510194565264087e-02
2.363877538338501547e-02
6.732652845905378290e-03
-1.017346760355253982e-02
9.925306120673157290e-03
-6.980816325930171672e-03
-2.388693877292721174e-02
-4.079306120952125997e-02
4.392693876765193378e-02
2.702081630309627336e-02
1.011469382339544483e-02
-6.791428354302142707e-03
1.330734692732863690e-02
-3.598775509585620466e-03
-2.050489795756327976e-02
-3.741102040438189225e-02
4.730897958810270643e-02
3.040285713763590802e-02
1.349673468226864591e-02
-3.409387736871886693e-03
1.668938766593433543e-02
-2.167346936921269905e-04
-1.712285713998870293e-02
-3.402897958929616135e-02
5.069102040325983854e-02
3.378489795666062001e-02
1.687877550737709384e-02
-2.734693875169128257e-05
2.007142793000187345e-02
3.165306105543995528e-03
-1.374081631479910290e-02
-3.064693877043943304e-02
5.407306120538207111e-02
3.716693877198921914e-02
2.026081632505976129e-02
6.547346729540596232e-03
-1.035877545488131900e-02
-1.852612244664508453e-02
1.547551012094827878e-02
-1.514408163124276313e-02
1.885755100391875438e-02
